#one finger 
[ 23.775  23.95   24.475  23.75   23.2    23.875  23.6    24.175  23.6
  23.95   24.925  25.8    26.55   26.725  25.95   25.9    24.25   27.625
  29.625  30.475  31.15   31.5    31.25   31.075  25.4    29.725  29.775
  29.75   29.675  30.85   30.7    31.     24.525  25.825  26.025  25.825
  25.275  26.65   28.225  27.675  22.9    23.     23.475  23.65   23.525
  24.2    26.675  26.775  23.125  25.15   23.45   22.925  22.95   23.725
  24.55   25.975  23.4    24.45   26.175  23.775  23.225  23.325  23.525
  24.05 ]
  
  #two fingers
  
 [ 23.825  24.3    25.4    25.575  25.8    26.725  26.55   26.725  23.35
  24.725  28.75   31.125  31.325  31.525  31.275  31.575  23.25   25.25
  29.225  28.675  27.875  28.     28.8    29.4    22.95   23.475  23.275
  23.45   24.025  27.025  28.975  31.375  23.15   23.375  24.825  26.625
  29.175  31.4    32.15   31.5    23.2    25.525  30.375  31.525  31.275
  30.375  29.4    27.125  23.85   27.425  28.825  27.65   25.9    25.175
  25.825  27.075  23.95   25.675  27.775  25.05   24.5    24.15   24.3
  25.3  ]
