8.994140625000000000e-01
9.548339843750000000e-01
9.843139648437500000e-01
1.068115234375000000e+00
9.539642333984375000e-01
8.261718750000000000e-01
9.036712646484375000e-01
9.946136474609375000e-01
9.130249023437500000e-01
1.032226562500000000e+00
9.084320068359375000e-01
8.336029052734375000e-01
1.057067871093750000e+00
8.867187500000000000e-01
1.111755371093750000e+00
9.516448974609375000e-01
9.688568115234375000e-01
1.050537109375000000e+00
8.939056396484375000e-01
1.017562866210937500e+00
1.086532592773437500e+00
9.372558593750000000e-01
9.799194335937500000e-01
1.017562866210937500e+00
9.853515625000000000e-01
1.051254272460937500e+00
9.940032958984375000e-01
8.564300537109375000e-01
9.638519287109375000e-01
1.116638183593750000e+00
