7.179672241210937500e+00
6.859375000000000000e+00
5.187118530273437500e+00
6.464462280273437500e+00
6.480575561523437500e+00
6.572021484375000000e+00
5.704833984375000000e+00
7.163085937500000000e+00
6.106063842773437500e+00
6.441345214843750000e+00
5.289978027343750000e+00
6.739974975585937500e+00
5.611312866210937500e+00
6.110214233398437500e+00
6.608337402343750000e+00
6.356384277343750000e+00
7.208923339843750000e+00
8.002426147460937500e+00
7.239486694335937500e+00
8.106445312500000000e+00
6.988265991210937500e+00
6.393417358398437500e+00
6.502929687500000000e+00
6.672302246093750000e+00
6.443954467773437500e+00
7.038818359375000000e+00
6.602539062500000000e+00
6.934997558593750000e+00
7.455017089843750000e+00
6.658630371093750000e+00
